DD/MM/AAAA HH:MM      DIRS      DIRR      VELS      VELR      TEMP        HR        PB      PREC   RAD
27/01/2019 20:00       243       243     22.02     32.80      22.4        41    1015.5       0.0     761.0
27/01/2019 21:00       237       240     19.85     28.40      22.9        40    1014.5       0.0     670.5
27/01/2019 22:00       252       260     19.37     29.90      23.7        34    1014.0       0.0     526.8
27/01/2019 23:00       265       265     21.78     36.70      24.0        22    1013.7       0.0     341.0
28/01/2019 00:00       263       273     20.03     31.30      22.2        22    1013.7       0.0     117.7
28/01/2019 01:00       274       272     12.23     19.80      19.3        24    1013.7       0.0       0.0
28/01/2019 02:00       312       283      5.63     21.60      17.6        29    1013.6       0.0      -1.0
28/01/2019 03:00       122       120      1.83      6.50      15.1        40    1013.7       0.0      -1.0
28/01/2019 04:00        81        95      3.70      6.10      14.3        57    1013.6       0.0      -1.0
28/01/2019 05:00        63        41      6.11      9.00      13.1        66    1013.8       0.0      -1.0
28/01/2019 06:00        75        98      1.93      9.40      12.6        63    1013.5       0.0      -1.0
28/01/2019 07:00        37        29      4.19      7.60      11.5        65    1013.2       0.0      -1.0
28/01/2019 08:00       347       345      2.43     12.60      11.3        69    1013.2       0.0      -1.0
28/01/2019 09:00        35        53      4.78     10.80      10.3        69    1013.1       0.0      -1.0
28/01/2019 10:00        61        69      6.18     11.50       9.3        73    1013.0       0.0      -1.0
28/01/2019 11:00        47        40      7.51     10.10       7.2        72    1012.8       0.0      -1.0
28/01/2019 12:00       168        46      1.98      9.40       5.5        69    1012.8       0.0      -1.0
28/01/2019 13:00        33         4      3.91      6.50       7.0        68    1013.3       0.0      -1.0
28/01/2019 14:00       265       354      2.63      7.20       5.5        69    1013.9       0.0      28.7
28/01/2019 15:00       282       353      1.35      8.60       8.7        63    1014.4       0.0     140.7
28/01/2019 16:00        52        32      4.05      9.00      12.1        54    1014.7       0.0     255.2
28/01/2019 17:00        78        49      3.54      7.90      16.7        41    1014.8       0.0     580.2
28/01/2019 18:00       161       168      7.35     13.00      19.0        40    1014.6       0.0     663.0
28/01/2019 19:00       163       157     13.37     20.50      18.2        54    1014.1       0.0     745.5
28/01/2019 20:00       172       179     17.10     24.50      18.4        67    1013.1       0.0     731.2
28/01/2019 21:00       228       247     16.00     31.30      21.9        44    1012.3       0.0     599.0
28/01/2019 22:00       249       255     23.39     39.60      23.3        28    1011.9       0.0     440.3
28/01/2019 23:00       249       253     23.46     36.40      23.3        26    1011.7       0.0     352.8
29/01/2019 00:00       247       258     15.45     34.20      21.4        35    1011.7       0.0      78.0
29/01/2019 01:00       253       256     18.80     27.70      19.5        44    1012.2       0.0       0.5
29/01/2019 02:00       269       276     16.26     28.10      20.4        30    1012.5       0.0      -1.0
29/01/2019 03:00       300       303     13.66     27.00      19.5        31    1012.8       0.0      -1.0
29/01/2019 04:00       312       304      6.81     15.50      18.4        31    1012.9       0.0      -1.0
29/01/2019 05:00       251       223      5.10     11.20      16.8        50    1013.4       0.0      -1.0
29/01/2019 06:00       276       294      3.43     11.20      15.9        47    1013.3       0.0      -1.0
29/01/2019 07:00       254       200      3.66      9.00      14.1        61    1013.1       0.0      -1.0
29/01/2019 08:00       322       340      4.87     10.40      13.3        57    1012.5       0.0      -1.0
29/01/2019 09:00        27        21      8.92     18.00      11.6        55    1012.2       0.0      -1.0
29/01/2019 10:00        18        27      3.39     10.80      10.3        62    1012.1       0.0      -1.0
29/01/2019 11:00       294         1      0.50     10.80      10.8        66    1012.1       0.0      -1.0
29/01/2019 12:00       313       349      2.73      6.50      11.0        70    1012.0       0.0      -1.0
29/01/2019 13:00       249         4      0.89     10.80      11.3        66    1012.1       0.0      -1.0
29/01/2019 14:00       345        36      4.23     16.60      10.2        72    1012.5       0.0       7.0
29/01/2019 15:00        27         9      6.28     12.60      10.6        66    1013.1       0.0     101.7
29/01/2019 16:00       336         5      5.57     14.80      13.4        58    1013.7       0.0     125.3
29/01/2019 17:00       287       344      2.91     14.00      15.8        52    1014.0       0.0     316.3
29/01/2019 18:00        66       107      7.70     14.40      19.4        45    1013.8       0.0     501.5
29/01/2019 19:00       155       111      9.52     15.50      19.0        50    1013.2       0.0     380.5
29/01/2019 20:00       170       170     12.74     19.10      18.2        56    1011.9       0.0     390.5
29/01/2019 21:00       176       171     14.42     20.90      18.7        50    1011.0       0.0     560.2
29/01/2019 22:00       185       181     14.45     21.20      18.0        61    1010.6       0.0     426.7
29/01/2019 23:00       181       178     12.50     18.70      17.5        74    1010.6       0.0     237.0
30/01/2019 00:00
30/01/2019 01:00       189       188     11.16     16.90      16.3        86    1010.5       0.0       1.7
30/01/2019 02:00       187       197      9.66     15.50      15.9        87    1010.7       0.0      -1.0
30/01/2019 03:00
30/01/2019 04:00       182       171      9.23     16.20      15.7        81    1011.3       0.0      -1.0
30/01/2019 05:00       175       186      5.86     11.50      15.1        91    1011.3       0.0      -1.0
30/01/2019 06:00        73        57      4.91      9.00      13.6        94    1011.3       0.0      -1.0
30/01/2019 07:00        52        67      6.22      9.70      11.4        93    1011.2       0.0      -1.0
30/01/2019 08:00       350       330      6.55     14.00       9.2        96    1011.2       0.0      -1.0
30/01/2019 09:00       342       317      9.80     18.00       9.6        97    1011.4       0.0      -0.8
30/01/2019 10:00       324       354      4.64     14.00       9.7        98    1011.1       0.0      -0.3
30/01/2019 11:00       340       340     11.79     16.90      10.6        98    1011.2       0.0       0.0
30/01/2019 12:00       330       334     11.61     16.20      11.0        98    1011.1       0.0       0.0
30/01/2019 13:00       337       332     13.37     20.50      10.8        98    1011.6       0.0      -0.3
30/01/2019 14:00        37       338      4.29     18.70       9.9        98    1012.3       0.0      16.3
30/01/2019 15:00       253       351      5.71     17.60      11.1        98    1013.0       0.0     148.3
30/01/2019 16:00        69       351      5.61     15.50      13.5        88    1013.8       0.0     252.8
30/01/2019 17:00        15       354      3.71     14.80      17.1        66    1014.5       0.0     541.3
30/01/2019 18:00        77        69     10.35     19.10      20.1        56    1013.9       0.0     654.3
30/01/2019 19:00       197       107     10.10     20.50      20.6        55    1013.1       0.0     725.8
30/01/2019 20:00       168       163     17.72     26.30      20.5        57    1012.2       0.0     737.8
30/01/2019 21:00       182       176     15.04     23.80      19.4        67    1011.6       0.0     589.7
30/01/2019 22:00       186       178     14.72     25.60      19.1        71    1011.0       0.0     503.2
30/01/2019 23:00       187       185     11.35     22.70      18.7        74    1010.7       0.0     330.8
31/01/2019 00:00       178       170     10.29     19.40      18.5        73    1010.9       0.0     117.0
31/01/2019 01:00       178       188      8.47     14.80      17.3        79    1010.7       0.0       1.0
31/01/2019 02:00       167       179      4.40     18.00      16.7        85    1011.1       0.0      -1.0
31/01/2019 03:00       204       195      8.28     21.20      16.4        90    1011.9       0.0      -1.0
31/01/2019 04:00       211       218      8.11     13.30      16.0        94    1012.5       0.0      -1.0
31/01/2019 05:00       179       184      7.20     18.70      16.2        94    1012.6       0.0      -1.0
31/01/2019 06:00       143       217      1.88      6.80      15.8        96    1012.8       0.0      -1.0
31/01/2019 07:00       264         2      1.45     12.20      12.0        95    1012.7       0.0      -1.0
31/01/2019 08:00        35        48     10.47     16.20      13.4        98    1012.7       0.0      -0.2
31/01/2019 09:00       344        39      5.40     14.40      14.6        95    1012.9       0.0      -0.5
31/01/2019 10:00       308       320     10.13     14.80      14.6        92    1013.1       0.0       0.0
31/01/2019 11:00       346       326      5.42     11.50      14.3        90    1013.2       0.0      -0.3
31/01/2019 12:00        11       345      3.75     15.50      13.7        95    1013.3       0.0      -0.7
31/01/2019 13:00       329       351      9.85     15.10      12.6        97    1013.9       0.0       0.0
31/01/2019 14:00       296       356      7.85     14.40      12.1        98    1014.5       0.0       9.7
31/01/2019 15:00       305         4      5.86     13.70      12.0        98    1015.0       0.0      93.0
31/01/2019 16:00       293       353      8.37     14.40      12.8        94    1015.7       0.0     229.0
31/01/2019 17:00        91       343      3.84     15.80      17.7        64    1016.2       0.0     557.0
31/01/2019 18:00       191       201      7.48     15.50      19.8        63    1016.3       0.0     561.3
31/01/2019 19:00       220       233     10.03     17.30      19.4        67    1016.0       0.0     700.2
31/01/2019 20:00       219       195     11.42     18.40      19.0        70    1015.1       0.0     741.7
31/01/2019 21:00       215       216      9.81     16.60      18.8        73    1013.9       0.0     649.3
31/01/2019 22:00       208       207      9.77     17.60      19.2        73    1013.5       0.0     510.2
31/01/2019 23:00       194       193     12.06     21.20      18.6        76    1013.3       0.0     289.0
01/02/2019 00:00       193       207      6.51     15.50      17.2        83    1013.2       0.0      59.5
01/02/2019 01:00       158       161      9.82     19.80      16.7        87    1012.8       0.0      -0.2
01/02/2019 02:00       161       171      9.59     19.40      16.7        86    1012.9       0.0      -1.0
01/02/2019 03:00       154       159      9.37     18.00      16.2        91    1013.6       0.0      -1.0
01/02/2019 04:00       146       144      9.32     18.70      16.4        93    1014.0       0.0      -1.0
01/02/2019 05:00       126       131      4.11     12.20      15.9        94    1014.1       0.0      -1.0
01/02/2019 06:00       121       100      9.73     16.90      16.6        95    1014.1       0.0      -1.0
01/02/2019 07:00        83                6.24                16.9        95    1014.1       0.0      -1.0
01/02/2019 08:00                                                          94    1013.8                -1.0
01/02/2019 09:00
01/02/2019 10:00
01/02/2019 11:00
01/02/2019 12:00
01/02/2019 13:00
01/02/2019 14:00
01/02/2019 15:00
01/02/2019 16:00
01/02/2019 17:00
01/02/2019 18:00
01/02/2019 19:00
01/02/2019 20:00
01/02/2019 21:00
01/02/2019 22:00
01/02/2019 23:00
02/02/2019 00:00
02/02/2019 01:00
02/02/2019 02:00
02/02/2019 03:00
02/02/2019 04:00
02/02/2019 05:00
02/02/2019 06:00
02/02/2019 07:00
02/02/2019 08:00
02/02/2019 09:00
02/02/2019 10:00
02/02/2019 11:00
02/02/2019 12:00
02/02/2019 13:00
02/02/2019 14:00
02/02/2019 15:00
02/02/2019 16:00